다음 [동시 출현 빈도표]를 바탕으로 키워드 네트워크 분석을 하고자 합니다. 각 단어별 [동시 출현 빈도표]를 작성했습니다. [동시 출현 빈도표]를 기반으로 키워드 네트워크 분석과 해석을 진행해주세요.
## [동시 출현 빈도표]

	생성	오픈	발표	혁신	초거대	상용	모델	기술	출시	자연어처리	공개	학교	연구원	데이터셋	협력	소스	제공	협약	데이터	글로벌	기업	네이버	체험	마이크로소프트	구글	경험	엔비디아	모집	플랫폼	메타	서비스	목소리	음성합성	교육	사용	이미지	확장	로보틱스	개발	활용	챗봇	검색	대화	프롬프트	질문	답변	준비	수요	응답	속도	규제	저작	편향	논란	윤리	헤드라인	이슈	환각	위협	우려
생성	0	1130	419	233	449	312	909	2175	876	30	735	16	27	5	292	13	280	209	817	502	1326	90	576	363	721	73	281	36	721	619	1484	37	245	256	999	1991	118	2	1153	1101	832	643	877	140	262	215	176	79	25	66	6	457	10	150	72	27	106	1	68	161
오픈	1130	0	164	35	165	11	298	285	454	4	404	14	16	1	24	7	63	1	92	108	363	12	160	320	237	20	32	4	86	129	522	12	0	84	460	131	10	0	557	319	650	169	639	6	122	79	112	6	7	7	4	45	3	12	18	0	15	0	29	62
발표	419	164	0	12	84	4	58	91	167	2	65	0	0	0	83	0	41	2	14	20	71	0	44	96	156	2	34	1	119	67	135	1	0	15	77	34	4	0	77	91	180	80	206	0	34	34	21	5	1	3	7	5	0	13	2	0	5	0	12	9
혁신	233	35	12	0	25	1	51	104	16	0	47	0	0	0	0	0	11	0	15	11	40	31	7	14	10	24	0	17	18	1	44	3	0	34	44	20	4	0	74	69	28	18	34	0	15	7	7	0	1	1	0	0	0	2	2	1	3	0	0	8
초거대	449	165	84	25	0	25	106	157	86	1	110	0	0	2	4	0	34	1	54	73	130	6	174	21	35	10	5	7	32	44	276	2	1	19	58	77	2	0	177	91	92	47	138	13	23	18	28	2	0	4	3	1	1	1	10	1	16	0	6	5
상용	312	11	4	1	25	0	23	60	7	3	5	0	1	0	25	0	1	63	4	11	23	0	18	5	4	0	1	0	90	12	34	3	78	3	14	175	1	0	33	12	9	7	14	0	1	0	4	0	0	2	0	0	0	0	6	0	1	0	2	1
모델	909	298	58	51	106	23	0	267	157	18	187	2	11	4	40	7	52	0	84	60	119	38	50	49	59	39	20	32	54	140	210	5	2	26	341	139	8	0	309	175	140	82	332	23	86	55	12	9	20	8	0	13	0	1	4	5	7	0	8	14
기술	2175	285	91	104	157	60	267	0	244	33	243	1	5	0	71	3	119	34	221	139	365	26	103	114	133	10	39	5	153	125	432	14	38	59	346	378	21	2	443	528	298	163	417	12	115	76	48	9	0	24	2	76	0	23	20	4	25	0	11	44
출시	876	454	167	16	86	7	157	244	0	1	134	14	14	1	6	3	58	0	47	72	228	9	166	92	148	8	6	7	134	94	721	6	2	14	382	91	10	0	222	194	482	160	321	52	115	131	41	6	6	7	4	5	2	29	8	0	17	0	17	15
자연어처리	30	4	2	0	1	3	18	33	1	0	2	0	9	0	7	0	1	0	0	0	1	0	0	0	0	0	0	0	13	13	25	0	0	2	4	1	0	0	7	34	18	0	74	0	0	2	1	0	0	0	1	0	0	0	0	0	0	0	0	0
공개	735	404	65	47	110	5	187	243	134	2	0	1	1	1	6	5	65	1	72	57	133	36	186	105	174	10	16	4	91	165	262	8	0	36	277	35	10	0	167	163	266	122	331	6	58	54	17	1	4	2	0	9	4	15	5	3	22	0	20	21
학교	16	14	0	0	0	0	2	1	14	0	1	0	16	0	0	1	0	0	1	16	0	0	0	0	0	0	0	0	0	0	0	0	0	0	0	0	0	0	0	0	14	0	14	0	0	0	0	0	0	0	0	0	0	0	0	0	0	0	0	0
연구원	27	16	0	0	0	1	11	5	14	9	1	16	0	0	0	1	0	0	4	20	11	0	0	1	0	0	0	0	0	8	1	0	0	0	2	1	0	0	1	5	24	0	18	0	0	0	0	0	0	9	0	0	0	0	0	0	0	0	0	0
데이터셋	5	1	0	0	2	0	4	0	1	0	1	0	0	0	0	0	0	0	2	0	0	0	0	0	0	0	0	0	0	0	1	0	0	0	2	2	0	0	2	1	1	0	1	0	0	0	0	0	0	0	0	0	0	0	0	0	0	0	0	0
협력	292	24	83	0	4	25	40	71	6	7	6	0	0	0	0	0	1	26	3	23	46	0	10	10	3	0	0	0	59	0	20	0	25	8	21	85	2	0	39	24	10	3	32	0	7	0	1	0	0	0	0	0	0	0	0	0	0	0	1	0
소스	13	7	0	0	0	0	7	3	3	0	5	1	1	0	0	0	0	0	6	1	2	0	0	0	0	0	0	0	1	3	0	0	0	0	9	2	0	0	0	0	1	0	4	0	4	1	1	0	0	0	0	0	0	0	0	0	0	0	0	0
제공	280	63	41	11	34	1	52	119	58	1	65	0	0	0	1	0	0	0	58	31	48	7	33	23	26	8	17	0	76	10	219	2	0	45	114	28	4	0	92	232	104	54	144	2	62	70	5	2	4	2	5	4	1	0	0	8	5	0	1	6
협약	209	1	2	0	1	63	0	34	0	0	1	0	0	0	26	0	0	0	2	0	14	0	2	1	0	0	0	0	70	4	2	2	66	0	2	132	1	0	6	7	0	1	3	0	0	0	0	0	0	0	0	0	0	0	0	0	0	0	0	0
데이터	817	92	14	15	54	4	84	221	47	0	72	1	4	2	3	6	58	2	0	54	105	2	116	13	29	5	8	0	55	8	113	1	3	21	143	71	6	0	181	205	55	86	77	5	77	49	10	18	4	13	1	29	1	5	9	0	7	0	5	9
글로벌	502	108	20	11	73	11	60	139	72	0	57	16	20	0	23	1	31	0	54	0	246	5	54	53	44	9	20	0	103	60	122	0	1	30	31	28	10	0	120	58	80	96	90	0	6	16	3	6	0	3	0	4	1	3	3	3	8	0	7	14
기업	1326	363	71	40	130	23	119	365	228	1	133	0	11	0	46	2	48	14	105	246	0	0	120	98	105	10	105	20	100	42	367	7	9	52	184	121	12	0	258	238	287	111	227	0	65	55	23	23	1	6	0	7	0	4	19	4	11	0	26	40
네이버	90	12	0	31	6	0	38	26	9	0	36	0	0	0	0	0	7	0	2	5	0	0	4	8	1	28	0	25	22	0	10	0	0	6	16	10	0	0	13	8	19	7	13	0	9	4	0	0	0	4	0	2	0	3	0	0	0	0	3	4
체험	576	160	44	7	174	18	50	103	166	0	186	0	0	0	10	0	33	2	116	54	120	4	0	33	103	21	3	1	47	11	218	1	0	5	114	23	5	0	136	96	106	363	65	2	49	40	58	2	0	4	0	12	0	4	0	1	9	0	10	7
마이크로소프트	363	320	96	14	21	5	49	114	92	0	105	0	1	0	10	0	23	1	13	53	98	8	33	0	233	4	30	1	7	42	178	4	0	6	135	14	6	0	108	48	199	247	96	0	32	12	5	6	2	3	0	1	0	5	1	0	5	1	13	10
구글	721	237	156	10	35	4	59	133	148	0	174	0	0	0	3	0	26	0	29	44	105	1	103	233	0	4	44	0	23	88	154	1	0	4	187	47	18	0	160	49	290	352	119	6	52	41	21	5	3	2	0	6	1	13	4	0	9	0	31	26
경험	73	20	2	24	10	0	39	10	8	0	10	0	0	0	0	0	8	0	5	9	10	28	21	4	4	0	0	25	8	9	13	0	0	6	27	8	2	0	23	18	9	31	21	0	9	15	3	0	0	2	0	2	0	0	0	0	0	0	1	2
엔비디아	281	32	34	0	5	1	20	39	6	0	16	0	0	0	0	0	17	0	8	20	105	0	3	30	44	0	0	0	7	13	12	0	0	2	54	4	0	0	49	7	35	2	18	0	5	2	12	46	2	0	0	0	0	0	3	0	8	0	1	1
모집	36	4	1	17	7	0	32	5	7	0	4	0	0	0	0	0	0	0	0	0	20	25	1	1	0	25	0	0	1	0	6	0	0	9	3	10	0	0	2	4	4	1	5	4	0	0	3	0	0	0	0	0	0	0	0	0	1	0	0	0
플랫폼	721	86	119	18	32	90	54	153	134	13	91	0	0	0	59	1	76	70	55	103	100	22	47	7	23	8	7	1	0	8	158	4	88	38	68	247	2	0	127	151	80	107	174	0	20	11	9	1	2	3	1	3	0	0	2	7	6	0	0	4
메타	619	129	67	1	44	12	140	125	94	13	165	0	8	0	0	3	10	4	8	60	42	0	11	42	88	9	13	0	8	0	31	4	0	7	21	10	4	0	131	18	73	11	35	2	2	0	3	3	0	3	0	0	1	0	0	0	4	0	6	4
서비스	1484	522	135	44	276	34	210	432	721	25	262	0	1	1	20	0	219	2	113	122	367	10	218	178	154	13	12	6	158	31	0	8	7	97	543	187	20	1	423	486	657	254	796	68	187	143	26	39	5	13	3	22	2	9	10	3	28	0	13	24
목소리	37	12	1	3	2	3	5	14	6	0	8	0	0	0	0	0	2	2	1	0	7	0	1	4	1	0	0	0	4	4	8	0	3	2	9	7	0	0	7	16	5	1	10	0	0	2	2	0	0	2	0	0	1	0	12	0	2	0	8	12
음성합성	245	0	0	0	1	78	2	38	2	0	0	0	0	0	25	0	0	66	3	1	9	0	0	0	0	0	0	0	88	0	7	3	0	0	1	165	0	0	4	2	1	0	4	0	0	0	2	0	0	0	0	0	0	0	0	0	0	0	0	0
교육	256	84	15	34	19	3	26	59	14	2	36	0	0	0	8	0	45	0	21	30	52	6	5	6	4	6	2	9	38	7	97	2	0	0	77	14	2	0	71	394	94	48	125	6	40	28	4	8	2	1	4	4	0	3	0	8	4	0	1	18
사용	999	460	77	44	58	14	341	346	382	4	277	0	2	2	21	9	114	2	143	31	184	16	114	135	187	27	54	3	68	21	543	9	1	77	0	193	86	0	395	498	460	377	782	91	477	274	35	24	42	28	1	23	2	34	12	1	60	1	31	55
이미지	1991	131	34	20	77	175	139	378	91	1	35	0	1	2	85	2	28	132	71	28	121	10	23	14	47	8	4	10	247	10	187	7	165	14	193	0	12	1	112	165	88	71	92	50	26	2	2	0	1	8	3	209	0	24	4	0	6	0	3	9
확장	118	10	4	4	2	1	8	21	10	0	10	0	0	0	2	0	4	1	6	10	12	0	5	6	18	2	0	0	2	4	20	0	0	2	86	12	0	0	9	36	9	29	12	9	16	6	0	0	6	4	0	2	0	0	0	0	13	0	0	2
로보틱스	2	0	0	0	0	0	0	2	0	0	0	0	0	0	0	0	0	0	0	0	0	0	0	0	0	0	0	0	0	0	1	0	0	0	0	1	0	0	2	0	0	0	0	0	0	0	0	0	0	0	0	0	0	0	0	0	1	0	0	0
개발	1153	557	77	74	177	33	309	443	222	7	167	0	1	2	39	0	92	6	181	120	258	13	136	108	160	23	49	2	127	131	423	7	4	71	395	112	9	2	0	472	610	138	641	7	122	61	39	14	7	5	0	15	3	10	21	0	9	0	16	37
활용	1101	319	91	69	91	12	175	528	194	34	163	0	5	1	24	0	232	7	205	58	238	8	96	48	49	18	7	4	151	18	486	16	2	394	498	165	36	0	472	0	682	130	764	79	163	103	71	5	10	17	24	84	0	35	4	15	16	0	12	55
챗봇	832	650	180	28	92	9	140	298	482	18	266	14	24	1	10	1	104	0	55	80	287	19	106	199	290	9	35	4	80	73	657	5	1	94	460	88	9	0	610	682	0	199	876	19	157	96	31	16	7	12	10	12	2	33	11	7	12	2	24	59
검색	643	169	80	18	47	7	82	163	160	0	122	0	0	0	3	0	54	1	86	96	111	7	363	247	352	31	2	1	107	11	254	1	0	48	377	71	29	0	138	130	199	0	187	6	95	62	40	16	10	12	0	10	0	13	2	1	14	1	25	12
대화	877	639	206	34	138	14	332	417	321	74	331	14	18	1	32	4	144	3	77	90	227	13	65	96	119	21	18	5	174	35	796	10	4	125	782	92	12	0	641	764	876	187	0	34	387	223	20	17	7	12	12	52	3	15	21	0	19	1	20	40
프롬프트	140	6	0	0	13	0	23	12	52	0	6	0	0	0	0	0	2	0	5	0	0	0	2	0	6	0	0	4	0	2	68	0	0	6	91	50	9	0	7	79	19	6	34	0	27	12	2	0	11	2	0	0	0	0	2	0	0	0	0	0
질문	262	122	34	15	23	1	86	115	115	0	58	0	0	0	7	4	62	0	77	6	65	9	49	32	52	9	5	0	20	2	187	0	0	40	477	26	16	0	122	163	157	95	387	27	0	432	10	1	22	14	1	9	1	5	4	0	11	0	7	4
답변	215	79	34	7	18	0	55	76	131	2	54	0	0	0	0	1	70	0	49	16	55	4	40	12	41	15	2	0	11	0	143	2	0	28	274	2	6	0	61	103	96	62	223	12	432	0	2	0	3	9	0	12	3	37	0	0	9	0	2	5
준비	176	112	21	7	28	4	12	48	41	1	17	0	0	0	1	1	5	0	10	3	23	0	58	5	21	3	12	3	9	3	26	2	2	4	35	2	0	0	39	71	31	40	20	2	10	2	0	1	0	0	0	18	0	1	3	0	4	0	4	13
수요	79	6	5	0	2	0	9	9	6	0	1	0	0	0	0	0	2	0	18	6	23	0	2	6	5	0	46	0	1	3	39	0	0	8	24	0	0	0	14	5	16	16	17	0	1	0	1	0	6	3	0	0	0	0	1	1	1	0	0	1
응답	25	7	1	1	0	0	20	0	6	0	4	0	0	0	0	0	4	0	4	0	1	0	0	2	3	0	2	0	2	0	5	0	0	2	42	1	6	0	7	10	7	10	7	11	22	3	0	6	0	0	0	0	0	0	0	0	2	0	0	2
속도	66	7	3	1	4	2	8	24	7	0	2	0	9	0	0	0	2	0	13	3	6	4	4	3	2	2	0	0	3	3	13	2	0	1	28	8	4	0	5	17	12	12	12	2	14	9	0	3	0	0	0	0	0	0	3	1	0	0	0	0
규제	6	4	7	0	3	0	0	2	4	1	0	0	0	0	0	0	5	0	1	0	0	0	0	0	0	0	0	0	1	0	3	0	0	4	1	3	0	0	0	24	10	0	12	0	1	0	0	0	0	0	0	0	0	0	0	1	0	0	0	1
저작	457	45	5	0	1	0	13	76	5	0	9	0	0	0	0	0	4	0	29	4	7	2	12	1	6	2	0	0	3	0	22	0	0	4	23	209	2	0	15	84	12	10	52	0	9	12	18	0	0	0	0	0	0	50	0	7	9	0	2	22
편향	10	3	0	0	1	0	0	0	2	0	4	0	0	0	0	0	1	0	1	1	0	0	0	0	1	0	0	0	0	1	2	1	0	0	2	0	0	0	3	0	2	0	3	0	1	3	0	0	0	0	0	0	0	2	0	1	0	0	0	5
논란	150	12	13	2	1	0	1	23	29	0	15	0	0	0	0	0	0	0	5	3	4	3	4	5	13	0	0	0	0	0	9	0	0	3	34	24	0	0	10	35	33	13	15	0	5	37	1	0	0	0	0	50	2	0	1	8	2	0	0	4
윤리	72	18	2	2	10	6	4	20	8	0	5	0	0	0	0	0	0	0	9	3	19	0	0	1	4	0	3	0	2	0	10	12	0	0	12	4	0	0	21	4	11	2	21	2	4	0	3	1	0	3	0	0	0	1	0	0	1	0	4	6
헤드라인	27	0	0	1	1	0	5	4	0	0	3	0	0	0	0	0	8	0	0	3	4	0	1	0	0	0	0	0	7	0	3	0	0	8	1	0	0	0	0	15	7	1	0	0	0	0	0	1	0	1	1	7	1	8	0	0	0	0	1	2
이슈	106	15	5	3	16	1	7	25	17	0	22	0	0	0	0	0	5	0	7	8	11	0	9	5	9	0	8	1	6	4	28	2	0	4	60	6	13	1	9	16	12	14	19	0	11	9	4	1	2	0	0	9	0	2	1	0	0	0	2	1
환각	1	0	0	0	0	0	0	0	0	0	0	0	0	0	0	0	0	0	0	0	0	0	0	1	0	0	0	0	0	0	0	0	0	0	1	0	0	0	0	0	2	1	1	0	0	0	0	0	0	0	0	0	0	0	0	0	0	0	0	0
위협	68	29	12	0	6	2	8	11	17	0	20	0	0	0	1	0	1	0	5	7	26	3	10	13	31	1	1	0	0	6	13	8	0	1	31	3	0	0	16	12	24	25	20	0	7	2	4	0	0	0	0	2	0	0	4	1	2	0	0	10
우려	161	62	9	8	5	1	14	44	15	0	21	0	0	0	0	0	6	0	9	14	40	4	7	10	26	2	1	0	4	4	24	12	0	18	55	9	2	0	37	55	59	12	40	0	4	5	13	1	2	0	1	22	5	4	6	2	1	0	10	0

